0 [0.8903193318204073, 0.06076693534851074] [5, 3, 0] [0.9034140110867795, 1.0425256861595849, 0.977734067097687, 0.9666011006465305, 0.977734067097687, 0.9666011006465305]
1 [0.73058901233215, 0.041142165660858154] [9, 4, 4] [0.7236085481556656, 1.1, 0.7397005918624533, 1.0417865311180752, 0.9611910207453835, 1.0417865311180752]
2 [0.8430432023339594, 0.08320456743240356] [6, 3, 9] [0.8673143320823693, 1.0, 0.8981940311225469, 0.9472910466838207, 0.8981940311225469, 1.3132108004932561]
3 [0.381449544367922, 0.15034174919128418] [3, 4, 3] [0.7614760347643638, 0.9354089985167712, 0.996776740320769, 1.0951651104811535, 0.9298602440843425, 1.0285543095794232]
--- 1541.3723902702332 seconds ---6,42 MIN A IMMAGINE



0 [0.3462766130396427, 0.014947175979614258] [3, 4, 9] [0.9225510809116224, 0.9168657083387073, 0.8995335056911715, 1.0127290567951197, 0.9310155003572594, 1.446629832409524]
1 [0.2827466741007112, 0.040416061878204346] [9, 4, 2] [0.9016463229261908, 1.3320556828422692, 1.0, 1.1, 0.9321014075012662, 1.0930758762184019]
2 [0.31558077727993583, 0.020605504512786865] [2, 6, 9] [0.7967190310024089, 0.9658472318781326, 0.9276697918872717, 1.0, 0.7308067425910546, 1.1]
3 [0.26103169603775117, 0.05700564384460449] [6, 4, 3] [0.9471646660814707, 1.0, 0.9471646660814707, 0.920746999122206, 0.9471646660814707, 0.920746999122206]
--- 1015.2986812591553 seconds ---4,23 MIN A IMMAGINE




0 [0.3462766130396427, 0.014947175979614258] [3, 4, 9] [0.9225510809116224, 0.9168657083387073, 0.8995335056911715, 1.0127290567951197, 0.9310155003572594, 1.446629832409524]
1 [0.2827466741007112, 0.040416061878204346] [9, 4, 2] [0.9016463229261908, 1.3320556828422692, 1.0, 1.1, 0.9321014075012662, 1.0930758762184019]
2 [0.31558077727993583, 0.020605504512786865] [2, 6, 9] [0.7967190310024089, 0.9658472318781326, 0.9276697918872717, 1.0, 0.7308067425910546, 1.1]
3 [0.26103169603775117, 0.05700564384460449] [6, 4, 3] [0.9471646660814707, 1.0, 0.9471646660814707, 0.920746999122206, 0.9471646660814707, 0.920746999122206]
4 [0.3273355077189172, 0.04226559400558472] [9, 7, 9] [0.7, 1.1, 0.8276603973443037, 1.0641424903353627, 0.8929610363738835, 1.442125267439064]
5 [0.45511547325021307, 0.02366924285888672] [5, 6, 2] [1.0, 1.0, 1.0, 1.0, 1.0, 1.0]
6 [0.3132090669463315, 0.04755377769470215] [6, 6, 5] [0.797237584576577, 1.15, 1.0, 1.15, 0.9603260137840871, 1.0762134667818883]
7 [0.23542056051495716, 0.06693869829177856] [9, 6, 8] [0.8018600802757447, 1.208923945045883, 0.7585023522773834, 1.0173398674198486, 0.9455272339124223, 1.0]
8 [0.3222785747762418, 0.04238659143447876] [2, 8, 6] [0.8576679917449925, 0.9, 0.7023450299457165, 1.0, 0.7484202168792923, 1.0438824695588669]
9 [0.29160826488538155, 0.056039512157440186] [6, 9, 5] [0.748600123374899, 1.0347774598452282, 1.0, 1.3241251613459637, 0.9921941595677147, 1.073996724439154]
--- 2566.8335843086243 seconds ---



0 [0.8919489428798575, 0.05395609140396118] [3, 4, 6] [0.9611731459758701, 0.974798805935079, 0.9381555707554192, 1.0706621543914911, 1.0, 1.0693804057507181]
1 [0.6600188817044458, 0.036593735218048096] [9, 4, 4] [0.9174498322981143, 1.421223015061271, 0.8329155462410537, 1.1, 1.0, 1.1]
2 [0.835301241456008, 0.07933312654495239] [2, 3, 9] [0.7482188387376305, 1.0223373972124146, 0.9328615193455971, 0.9, 0.8568478404530866, 1.2308807673632318]
3 [0.41017628417363605, 0.16878962516784668] [7, 4, 3] [1.0, 1.0317279828148982, 1.0, 1.0237959871111737, 1.0, 1.0237959871111737]
4 [0.6324750544367201, 0.0907105803489685] [6, 9, 3] [0.9878695988182884, 1.02677778604007, 1.0, 1.244365976671382, 0.7956223565808429, 1.033568613554111]
5 [0.5783916138977789, 0.18273180723190308] [8, 8, 2] [0.9719879494027398, 1.15, 0.8401207962719244, 1.15, 1.0, 1.0835569530096234]
6 [0.6055626575064255, 0.10968083143234253] [4, 8, 5] [0.9970080072178538, 1.0955120108267808, 1.0, 1.15, 0.9403592592234632, 1.15]
7 [0.7376918739687098, 0.05148172378540039] [6, 8, 9] [0.793022253962019, 1.0, 0.7, 1.0, 0.7231328519439174, 1.1]
8 [0.23787839181167453, 0.38521677255630493] [0, 0, 6] [0.957103341637767, 1.1, 0.8809371474310035, 1.060886301966136, 0.780951835839329, 1.11043125574472]
9 [0.9270473395842833, 0.0742616057395935] [6, 9, 9] [0.8751181304228086, 1.1441094836800225, 1.0, 1.2622758780870698, 0.9769258582003425, 1.126552054433373]
--- 2526.828242301941 seconds ---



-------------------------
PROVA CON NUOVA fitness

0 [0.623156245920898, 0.06241101026535034] [4, 4, 5] [1.0, 1.0399880646857322, 0.8228035448336442, 0.94561746200419, 0.8313217461284749, 1.15]
1 [0.48721492743607464, 0.05021333694458008] [9, 4, 4] [0.8984555769825036, 1.4049422247907477, 0.735898285097476, 1.074028955831756, 1.0, 1.0050427756194216]
2 [0.4977326319608199, 0.1834120750427246] [8, 8, 8] [1.0, 1.0, 1.0, 1.0, 1.0, 1.0]
3 [0.19598947463932492, 0.10240846872329712] [6, 1, 8] [1.0, 1.0, 1.0, 1.0, 1.0, 1.0]
4 [0.32181858702919547, 0.04722326993942261] [9, 7, 9] [0.7936783380299003, 1.4050330814732415, 0.7632381069988492, 1.0, 0.9348438189604631, 1.111364367810199]
5 [0.4484848484848485, 0.2249506115913391] [2, 8, 0] [0.9685669670426142, 1.0463101479573194, 0.8357940567819693, 1.15, 0.8967539952853989, 1.068760010043567]
6 [0.3135019593872462, 0.10611587762832642] [9, 2, 4] [0.9147180963997803, 1.3895816061119837, 0.9851545413036562, 1.0372150169538459, 0.9252700870180676, 1.059645510718376]
7 [0.00259000259000259, 0.06742483377456665] [9, 9, 2] [0.8793870386340918, 1.1282161687420877, 0.9022781482471159, 1.2711096691264314, 0.8497926196898314, 1.014381478823036]
8 [0.45926243567753, 0.04773139953613281] [2, 0, 6] [0.7027645119625048, 0.9, 0.7474492868351418, 0.9, 0.8434715934098818, 1.0]
9 [0.7318136104592692, 0.14954549074172974] [1, 4, 4] [0.8261247021025788, 0.9733893417382214, 1.0, 1.1, 1.0, 1.1]
--- 2579.6986503601074 seconds ---
4,29min per immagine


0 [0.32142857142857145, 0.3065384030342102] [7, 0, 1] [0.9126783180402794, 1.0090683432621839, 0.8480894457241802, 1.070703571973153, 0.980469047982102, 1.070703571973153]
1 [0.3276247207743857, 0.15551400184631348] [5, 8, 4] [0.9673273255731424, 1.0455263055193407, 0.9171695617709418, 1.0301732628462006, 0.9400866314231004, 0.9665618463183419]
2 [0.37432881615955, 0.07802009582519531] [2, 6, 0] [0.7027357076503753, 0.936663011831194, 0.8997338029644749, 1.0, 0.7, 0.9]
3 [0.1530808729139923, 0.20497912168502808] [7, 6, 4] [1.0, 1.1301839173705146, 0.8853579633224379, 1.15, 0.9280161344371693, 1.1]
4 [0.6924386092876246, 0.05403399467468262] [9, 2, 2] [0.9224038855065483, 1.3332385670406728, 0.7908902425022006, 0.9192868189393731, 0.8570285126523733, 1.0874769663369144]
5 [0.43646175007935667, 0.13867026567459106] [0, 6, 4] [0.9375792047982774, 1.0063688071974164, 0.8086813896311805, 1.0, 0.7987794926093629, 1.0043315300793352]
6 [0.22092363553840916, 0.32028937339782715] [0, 8, 5] [0.8054136538225113, 1.059606859166253, 1.0, 1.0089171908925632, 1.0, 1.0089171908925632]
7 [0.8525124859851188, 0.01619887351989746] [4, 1, 4] [0.9865072399635599, 1.005077047755263, 0.7, 0.9259517978337732, 0.8647062630897242, 0.9388211472965395]
8 [0.5025814778960955, 0.07665282487869263] [9, 8, 6] [0.876876327387951, 1.1, 0.8179289841848387, 1.0, 0.8018576789819991, 1.0]
9 [0.0, 0.013428926467895508] [2, 4, 2] [0.9664183201893161, 0.9772495159189184, 0.7832572500272398, 0.9940360736239297, 0.7, 0.9]
--- 2664.386848926544 seconds ---